Sudoku:
3  1  0  0  6  0  4  5  0  
7  0  0  0  9  1  6  3  0  
0  0  0  3  4  0  0  1  2  
6  3  0  0  5  4  7  8  0  
9  0  0  8  1  6  2  0  0  
4  8  0  0  2  0  0  9  0  
2  0  7  1  3  0  0  6  0  
5  0  0  6  0  0  1  7  9  
1  6  8  4  7  0  0  0  0  
*********************************以上内容用于程序读取题目。
数独题目：
  3  1  __ | __ 6  __ | 4  5  __ 
  7  __ __ | __ 9  1  | 6  3  __ 
  __ __ __ | 3  4  __ | __ 1  2  
――――――――――――
  6  3  __ | __ 5  4  | 7  8  __ 
  9  __ __ | 8  1  6  | 2  __ __ 
  4  8  __ | __ 2  __ | __ 9  __ 
――――――――――――
  2  __ 7  | 1  3  __ | __ 6  __ 
  5  __ __ | 6  __ __ | 1  7  9  
  1  6  8  | 4  7  __ | __ __ __ 

您所做的结果：
  3  1  __ | __ 6  __ | 4  5  __ 
  7  __ __ | __ 9  1  | 6  3  __ 
  __ __ __ | 3  4  __ | __ 1  2  
――――――――――――
  6  3  __ | __ 5  4  | 7  8  __ 
  9  __ __ | 8  1  6  | 2  __ __ 
  4  8  __ | __ 2  __ | __ 9  __ 
――――――――――――
  2  __ 7  | 1  3  __ | __ 6  __ 
  5  __ __ | 6  __ __ | 1  7  9  
  1  6  8  | 4  7  __ | __ __ __ 

答案为：
  3  1  9  | 2  6  8  | 4  5  7  
  7  2  4  | 5  9  1  | 6  3  8  
  8  5  6  | 3  4  7  | 9  1  2  
――――――――――――
  6  3  2  | 9  5  4  | 7  8  1  
  9  7  5  | 8  1  6  | 2  4  3  
  4  8  1  | 7  2  3  | 5  9  6  
――――――――――――
  2  9  7  | 1  3  5  | 8  6  4  
  5  4  3  | 6  8  2  | 1  7  9  
  1  6  8  | 4  7  9  | 3  2  5  
  