Sudoku:
0  0  1  5  9  8  2  0  7  
0  5  9  0  6  7  0  0  3  
2  6  7  0  0  1  0  0  0  
5  0  4  7  2  9  6  0  0  
0  2  8  1  3  4  7  9  0  
0  0  3  6  8  0  0  2  0  
4  3  0  0  0  0  9  0  1  
9  7  0  4  0  3  8  5  2  
0  0  5  9  7  0  0  4  6  
*********************************以上内容用于程序读取题目。
数独题目：
  __ __ 1  | 5  9  8  | 2  __ 7  
  __ 5  9  | __ 6  7  | __ __ 3  
  2  6  7  | __ __ 1  | __ __ __ 
――――――――――――
  5  __ 4  | 7  2  9  | 6  __ __ 
  __ 2  8  | 1  3  4  | 7  9  __ 
  __ __ 3  | 6  8  __ | __ 2  __ 
――――――――――――
  4  3  __ | __ __ __ | 9  __ 1  
  9  7  __ | 4  __ 3  | 8  5  2  
  __ __ 5  | 9  7  __ | __ 4  6  

您所做的结果：
  __ __ 1  | 5  9  8  | 2  __ 7  
  __ 5  9  | __ 6  7  | __ __ 3  
  2  6  7  | __ __ 1  | __ __ __ 
――――――――――――
  5  __ 4  | 7  2  9  | 6  __ __ 
  __ 2  8  | 1  3  4  | 7  9  __ 
  __ __ 3  | 6  8  __ | __ 2  __ 
――――――――――――
  4  3  __ | __ __ __ | 9  __ 1  
  9  7  __ | 4  __ 3  | 8  5  2  
  __ __ 5  | 9  7  __ | __ 4  6  

答案为：
  3  4  1  | 5  9  8  | 2  6  7  
  8  5  9  | 2  6  7  | 4  1  3  
  2  6  7  | 3  4  1  | 5  8  9  
――――――――――――
  5  1  4  | 7  2  9  | 6  3  8  
  6  2  8  | 1  3  4  | 7  9  5  
  7  9  3  | 6  8  5  | 1  2  4  
――――――――――――
  4  3  2  | 8  5  6  | 9  7  1  
  9  7  6  | 4  1  3  | 8  5  2  
  1  8  5  | 9  7  2  | 3  4  6  
  