Sudoku:
9  5  0  0  0  0  2  3  4  
6  1  7  2  3  0  5  0  0  
0  3  4  0  5  0  0  6  0  
0  4  0  0  0  3  0  0  8  
3  2  5  6  0  0  0  0  0  
7  8  6  0  1  0  4  5  3  
4  6  1  3  8  0  9  0  2  
8  0  2  4  9  6  3  1  5  
5  0  3  7  2  0  0  4  0  
*********************************以上内容用于程序读取题目。
数独题目：
  9  5  __ | __ __ __ | 2  3  4  
  6  1  7  | 2  3  __ | 5  __ __ 
  __ 3  4  | __ 5  __ | __ 6  __ 
――――――――――――
  __ 4  __ | __ __ 3  | __ __ 8  
  3  2  5  | 6  __ __ | __ __ __ 
  7  8  6  | __ 1  __ | 4  5  3  
――――――――――――
  4  6  1  | 3  8  __ | 9  __ 2  
  8  __ 2  | 4  9  6  | 3  1  5  
  5  __ 3  | 7  2  __ | __ 4  __ 

您所做的结果：
  9  5  __ | __ __ __ | 2  3  4  
  6  1  7  | 2  3  __ | 5  __ __ 
  __ 3  4  | __ 5  __ | __ 6  __ 
――――――――――――
  __ 4  __ | __ __ 3  | __ __ 8  
  3  2  5  | 6  __ __ | __ __ __ 
  7  8  6  | __ 1  __ | 4  5  3  
――――――――――――
  4  6  1  | 3  8  __ | 9  __ 2  
  8  __ 2  | 4  9  6  | 3  1  5  
  5  __ 3  | 7  2  __ | __ 4  __ 

答案为：
  9  5  8  | 1  6  7  | 2  3  4  
  6  1  7  | 2  3  4  | 5  8  9  
  2  3  4  | 8  5  9  | 1  6  7  
――――――――――――
  1  4  9  | 5  7  3  | 6  2  8  
  3  2  5  | 6  4  8  | 7  9  1  
  7  8  6  | 9  1  2  | 4  5  3  
――――――――――――
  4  6  1  | 3  8  5  | 9  7  2  
  8  7  2  | 4  9  6  | 3  1  5  
  5  9  3  | 7  2  1  | 8  4  6  
  