Sudoku:
5  0  6  7  0  0  0  9  3  
7  8  2  0  1  3  4  5  6  
0  9  1  0  5  6  0  0  0  
0  5  7  6  3  0  0  2  1  
6  0  8  5  0  2  9  0  4  
2  0  4  8  0  1  5  0  7  
0  0  0  2  8  7  0  1  0  
8  0  0  1  0  5  2  4  9  
1  0  5  3  4  0  6  7  8  
*********************************以上内容用于程序读取题目。
数独题目：
  5  __ 6  | 7  __ __ | __ 9  3  
  7  8  2  | __ 1  3  | 4  5  6  
  __ 9  1  | __ 5  6  | __ __ __ 
――――――――――――
  __ 5  7  | 6  3  __ | __ 2  1  
  6  __ 8  | 5  __ 2  | 9  __ 4  
  2  __ 4  | 8  __ 1  | 5  __ 7  
――――――――――――
  __ __ __ | 2  8  7  | __ 1  __ 
  8  __ __ | 1  __ 5  | 2  4  9  
  1  __ 5  | 3  4  __ | 6  7  8  

您所做的结果：
  5  __ 6  | 7  __ __ | __ 9  3  
  7  8  2  | __ 1  3  | 4  5  6  
  __ 9  1  | __ 5  6  | __ __ __ 
――――――――――――
  __ 5  7  | 6  3  __ | __ 2  1  
  6  __ 8  | 5  __ 2  | 9  __ 4  
  2  __ 4  | 8  __ 1  | 5  __ 7  
――――――――――――
  __ __ __ | 2  8  7  | __ 1  __ 
  8  __ __ | 1  __ 5  | 2  4  9  
  1  __ 5  | 3  4  __ | 6  7  8  

无答案
