方鏡籾朕
  1  __ 3  | 7  __ __ | __ __ __ 
  4  __ 6  | 1  __ __ | __ __ __ 
  7  8  __ | 4  5  __ | __ __ __ 
！！！！！！！！！！！！
  2  3  __ | __ __ 7  | 5  6  __ 
  5  6  4  | 2  3  1  | __ __ 7  
  8  9  7  | 5  6  __ | 2  3  1  
！！！！！！！！！！！！
  3  1  __ | 9  7  __ | 6  4  __ 
  6  4  5  | 3  __ __ | 9  7  8  
  9  __ 8  | 6  4  5  | __ 1  2  

艇侭恂議潤惚
  1  2  3  | 7  8  9  | 4  5  6  
  4  5  6  | 1  2  3  | 7  8  9  
  7  8  9  | 4  5  6  | 1  2  3  
！！！！！！！！！！！！
  2  3  1  | 8  9  7  | 5  6  4  
  5  6  4  | 2  3  1  | 8  9  7  
  8  9  7  | 5  6  4  | 2  3  1  
！！！！！！！！！！！！
  3  1  2  | 9  7  8  | 6  4  5  
  6  4  5  | 3  1  2  | 9  7  8  
  9  7  8  | 6  4  5  | 3  1  2  

基宛葎
  1  2  3  | 7  8  9  | 4  5  6  
  4  5  6  | 1  2  3  | 7  8  9  
  7  8  9  | 4  5  6  | 1  2  3  
！！！！！！！！！！！！
  2  3  1  | 8  9  7  | 5  6  4  
  5  6  4  | 2  3  1  | 8  9  7  
  8  9  7  | 5  6  4  | 2  3  1  
！！！！！！！！！！！！
  3  1  2  | 9  7  8  | 6  4  5  
  6  4  5  | 3  1  2  | 9  7  8  
  9  7  8  | 6  4  5  | 3  1  2  
  